33 20
211 211 211 211 211 211 211 211 211 211 211 211 211 211 211 211 211 211 211 211 211 211 211 211 211 211 211 211 211 211 211 211 211
211 207 209 207 209 212 213 214 213 212 214 214 213 212 214 212 213 214 212 213 214 213 212 214 212 213 214 213 207 209 207 209 211
211 208 210 208 210 217 216 215 216 217 215 215 216 217 215 217 216 215 217 216 215 216 217 215 217 216 215 216 208 210 208 210 211
211 196 196 196 196 196 196 220 222 222 222 222 222 222 222 222 222 222 222 222 222 222 222 222 221 196 196 196 196 196 196 196 211
211 196 196 196 196 196 196 220 222 222 222 222 222 222 222 222 222 222 222 222 222 222 222 222 221 196 196 196 196 196 196 196 211
211 196 196 196 196 196 196 219 218 218 218 218 218 218 218 218 218 218 218 218 218 218 218 218 223 196 196 196 196 196 196 196 211
211 196 196 196 196 196 196 196 196 236 196 196 196 196 196 196 236 196 196 196 196 196 196 236 196 196 196 196 196 196 196 196 211
211 196 196 196 198 232 232 232 232 234 232 232 232 232 232 232 234 232 232 232 232 232 232 234 232 232 232 232 197 196 196 196 211
211 196 196 196 201 196 196 196 196 233 196 196 196 196 196 196 233 196 196 196 196 196 196 233 196 196 196 196 202 196 196 196 211
211 196 196 196 201 278 278 278 278 233 278 278 278 278 278 278 233 278 278 278 278 278 278 233 278 278 278 278 202 196 196 196 211
211 196 196 196 228 248 248 248 248 233 248 248 248 248 248 278 233 248 248 248 248 248 248 233 248 248 248 248 202 196 196 196 211
211 196 196 196 230 248 248 248 248 233 248 248 248 248 248 254 240 251 248 248 248 248 248 233 248 248 248 248 224 196 196 196 211
211 196 196 196 229 248 248 248 248 233 248 248 248 248 248 253 243 250 248 248 248 248 248 233 248 248 248 248 225 196 196 196 211
211 196 196 196 231 248 248 248 248 233 248 248 248 248 248 255 245 249 248 248 248 248 248 233 248 248 248 248 226 196 196 196 211
211 196 196 196 201 248 248 248 248 233 248 248 248 248 248 248 233 248 248 248 248 248 248 233 248 248 248 248 227 196 196 196 211
211 196 196 196 201 278 278 278 278 233 278 278 278 278 278 278 233 278 278 278 278 278 278 233 278 278 278 278 202 196 196 196 211
211 196 196 196 201 196 196 196 196 233 196 196 196 196 196 196 233 196 196 196 196 196 196 233 196 196 196 196 202 196 196 196 211
211 196 196 196 200 203 203 203 203 238 203 203 203 203 203 203 205 203 203 203 203 203 203 238 203 203 203 203 199 196 196 196 211
211 196 196 196 196 196 196 196 196 237 196 196 196 196 196 196 237 196 196 196 196 196 196 237 196 196 196 196 196 196 196 196 211
211 211 211 211 211 211 211 211 211 211 211 211 211 211 211 211 211 211 211 211 211 211 211 211 211 211 211 211 211 211 211 211 211