19 31
184 182 186 186 186 186 186 186 128 128 128 186 186 186 186 186 186 180 185
184 183 128 128 128 128 128 128 128 128 128 128 128 128 128 128 128 181 185
184 132 132 132 132 132 132 132 132 132 132 132 132 132 132 132 132 132 185
184 128 128 128 128 128 128 128 128 179 128 128 128 128 128 128 128 128 185
184 128 169 170 171 128 128 128 128 128 128 128 128 128 169 170 171 128 185
184 128 172 173 174 128 128 128 128 128 128 128 128 128 172 173 174 128 185
184 128 177 176 175 128 128 128 128 128 128 128 128 128 177 176 175 128 185
184 128 128 128 128 128 128 128 128 128 128 128 128 128 128 128 128 128 185
184 128 128 128 128 128 128 139 140 141 142 128 128 128 128 128 128 128 185
184 134 136 136 136 136 136 136 136 136 136 136 136 136 136 136 136 135 185
184 128 128 128 128 128 128 128 128 128 128 128 128 128 128 128 128 128 185
184 128 148 128 128 128 128 128 128 128 128 128 128 128 128 128 137 128 185
184 128 149 128 128 128 128 128 128 128 128 128 128 128 128 128 138 128 185
184 279 279 279 279 279 279 279 279 279 279 279 279 279 279 279 279 279 185
184 279 128 128 279 279 279 128 166 163 160 157 128 279 279 128 128 279 185
184 130 279 279 131 130 279 130 279 164 279 279 131 279 279 131 131 279 185
184 128 279 128 279 279 128 128 279 279 279 279 128 279 128 279 128 128 185
184 279 128 128 279 279 128 279 279 128 128 128 128 128 128 128 128 279 185
184 279 279 128 128 279 128 128 279 128 128 279 279 279 279 279 148 128 185
184 128 138 279 279 128 128 128 128 128 128 128 279 128 128 128 149 128 185
184 128 279 128 279 279 279 128 279 128 128 128 128 279 128 128 128 128 185
184 134 136 136 136 279 136 136 279 279 279 279 136 279 279 136 279 135 185
184 279 279 128 128 279 128 128 143 144 147 279 128 128 128 128 128 128 185
184 128 279 279 128 279 128 128 128 128 128 128 128 279 279 279 128 128 185
184 279 169 279 279 128 128 128 279 279 279 128 279 279 169 170 171 279 185
184 128 172 279 279 128 128 279 128 128 279 128 128 128 172 279 279 128 185
184 279 177 176 279 128 128 279 128 128 128 128 128 279 279 279 279 128 185
184 279 279 128 279 279 128 279 128 178 279 279 128 279 128 279 279 279 185
184 133 133 133 279 133 133 133 133 133 133 133 133 279 133 133 133 133 185
184 187 279 279 128 279 279 279 279 128 128 128 128 279 279 279 128 189 185
184 188 191 191 191 191 191 191 191 85 191 191 191 191 191 191 191 190 185