18 18
122 122 122 122 122 122 122 122 122 122 122 122 122 122 122 122 122 122
122 128 128 128 128 128 128 128 128 128 128 128 128 128 128 128 128 122
122 128 128 128 128 128 128 128 128 128 128 128 128 128 128 128 128 122
122 128 128 128 128 128 128 128 128 128 128 128 128 128 128 128 128 122
122 128 128 128 128 128 128 128 128 128 128 128 128 128 128 128 128 122
122 128 128 128 128 128 128 128 128 128 128 128 128 128 128 128 128 122
122 128 128 128 128 128 128 128 128 128 128 128 128 128 128 128 128 122
122 128 128 128 128 128 128 166 163 160 157 128 128 128 128 128 128 122
122 131 131 131 131 131 131 167 164 161 158 131 131 131 131 131 131 122
122 128 128 128 128 128 128 168 165 162 159 128 128 128 128 128 128 122
122 128 128 128 128 128 128 128 128 128 128 128 128 128 128 128 128 122
122 128 128 128 128 128 128 128 128 128 128 128 128 128 128 128 128 122
122 128 128 128 128 128 128 128 128 128 128 128 128 128 128 128 128 122
122 128 128 128 128 128 128 128 128 128 128 128 128 128 128 128 128 122
122 128 128 128 128 128 128 128 128 128 128 128 128 128 128 128 128 122
122 128 128 128 128 128 128 128 128 128 128 128 128 128 128 128 128 122
122 128 128 128 128 128 128 128 128 128 128 128 128 128 128 128 128 122
122 122 122 122 122 122 122 128 128 128 128 122 122 122 122 122 122 122