19 31
122 128 128 128 128 128 128 128 128 128 128 128 128 128 128 128 128 128 122
122 128 128 128 128 128 128 128 128 128 128 128 128 128 128 128 128 128 122
122 133 133 133 133 133 133 133 133 133 133 133 133 133 133 133 133 133 122
122 128 128 128 128 128 128 128 128 128 128 128 128 128 128 128 128 128 122
122 128 169 170 171 128 128 128 128 128 128 128 128 128 169 170 171 128 122
122 128 172 173 174 128 128 128 128 128 128 128 128 128 172 173 174 128 122
122 128 177 176 175 128 128 128 128 128 128 128 128 128 177 176 175 128 122
122 128 128 128 128 128 128 128 128 128 128 128 128 128 128 128 128 128 122
122 128 128 128 128 128 128 139 140 141 142 128 128 128 128 128 128 128 122
122 134 136 136 136 136 136 136 136 136 136 136 136 136 136 136 136 135 122
122 128 128 128 128 128 128 128 128 128 128 128 128 128 128 128 128 128 122
122 128 128 128 128 128 128 128 128 128 128 128 128 128 128 128 137 128 122
122 128 128 128 128 128 128 128 128 128 128 128 128 128 128 128 138 128 122
122 128 128 128 128 128 128 128 128 128 128 128 128 128 128 128 128 128 122
122 128 128 128 128 128 128 128 166 163 160 157 128 128 128 128 128 128 122
122 130 131 131 131 131 131 131 167 164 161 158 131 131 131 131 131 129 122
122 128 128 128 128 128 128 128 168 165 162 159 128 128 128 128 128 128 122
122 128 128 128 128 128 128 128 128 128 128 128 128 128 128 128 128 128 122
122 128 137 128 128 128 128 128 128 128 128 128 128 128 128 128 128 128 122
122 128 138 128 128 128 128 128 128 128 128 128 128 128 128 128 128 128 122
122 128 128 128 128 128 128 128 128 128 128 128 128 128 128 128 128 128 122
122 134 136 136 136 136 136 136 136 136 136 136 136 136 136 136 136 135 122
122 128 128 128 128 128 128 128 143 144 147 146 128 128 128 128 128 128 122
122 128 128 128 128 128 128 128 128 128 128 128 128 128 128 128 128 128 122
122 128 169 170 171 128 128 128 128 128 128 128 128 128 169 170 171 128 122
122 128 172 173 174 128 128 128 128 128 128 128 128 128 172 173 174 128 122
122 128 177 176 175 128 128 128 128 128 128 128 128 128 177 176 175 128 122
122 128 128 128 128 128 128 128 128 128 128 128 128 128 128 128 128 128 122
122 133 133 133 133 133 133 133 133 133 133 133 133 133 133 133 133 133 122
122 128 128 128 128 128 128 128 128 128 128 128 128 128 128 128 128 128 122
122 128 128 128 128 128 128 128 128 128 128 128 128 128 128 128 128 128 122