33 20
211 211 211 211 211 211 211 211 211 211 211 211 211 211 211 211 211 211 211 211 211 211 211 211 211 211 211 211 211 211 211 211 211
211 207 209 207 209 212 213 214 213 212 214 214 213 212 214 212 213 214 212 213 214 213 212 214 212 213 214 213 207 209 207 209 211
211 208 210 208 210 217 216 215 216 217 215 215 216 217 215 217 216 215 217 216 215 216 217 215 217 216 215 216 208 210 208 210 211
211 196 196 196 196 196 196 196 196 196 196 196 196 196 196 196 196 196 196 196 196 196 196 196 196 196 196 196 196 196 196 196 211
211 196 196 196 196 196 196 196 196 196 196 196 196 196 196 196 196 196 196 196 196 196 196 196 196 196 196 196 196 196 196 196 211
211 196 196 196 196 196 196 196 196 196 196 196 196 196 196 196 196 196 196 196 196 196 196 196 196 196 196 196 196 196 196 196 211
211 196 196 196 196 196 196 196 196 196 196 196 196 196 196 196 196 196 196 196 196 196 196 196 196 196 196 196 196 196 196 196 211
211 196 196 196 198 203 203 203 203 203 203 203 203 203 203 203 203 203 203 203 203 203 203 203 203 203 203 203 197 196 196 196 211
211 196 196 196 201 196 196 196 196 204 196 196 196 196 204 196 196 196 196 204 196 196 196 196 196 196 196 196 202 196 196 196 211
211 196 196 196 201 196 196 196 196 204 196 196 196 196 204 196 196 196 196 204 196 196 196 196 196 196 196 196 202 196 196 196 211
211 196 196 196 201 196 196 196 196 204 196 196 196 196 204 196 196 196 196 204 196 196 196 196 196 196 196 196 202 196 196 196 211
211 196 196 196 201 196 196 196 196 204 196 196 196 196 204 196 196 196 196 204 196 196 196 196 196 196 196 196 202 196 196 196 211
211 196 196 196 201 196 196 196 196 204 196 196 196 196 204 196 196 196 196 204 196 196 196 196 196 196 196 196 202 196 196 196 211
211 196 196 196 201 196 196 196 196 204 196 196 196 196 204 196 196 196 196 204 196 196 196 196 196 196 196 196 202 196 196 196 211
211 196 196 196 201 196 196 196 196 204 196 196 196 196 204 196 196 196 196 204 196 196 196 196 196 196 196 196 202 196 196 196 211
211 196 196 196 201 196 196 196 196 204 196 196 196 196 204 196 196 196 196 204 196 196 196 196 196 196 196 196 202 196 196 196 211
211 196 196 196 201 196 196 196 196 204 196 196 196 196 204 196 196 196 196 204 196 196 196 196 196 196 196 196 202 196 196 196 211
211 196 196 196 200 203 203 203 203 206 203 203 203 203 205 203 203 203 203 206 203 203 203 203 203 203 203 203 199 196 196 196 211
211 196 196 196 196 196 196 196 196 196 196 196 196 196 196 196 196 196 196 196 196 196 196 196 196 196 196 196 196 196 196 196 211
211 196 196 196 196 196 196 196 196 196 196 196 196 196 196 196 196 196 196 196 196 196 196 196 196 196 196 196 196 196 196 196 211