33 20
211 211 211 211 211 211 211 211 211 211 211 211 211 211 211 211 211 211 211 211 211 211 211 211 211 211 211 211 211 211 211 211 211
211 207 209 207 209 212 213 214 213 212 214 214 213 212 214 212 213 214 212 213 214 213 212 214 212 213 214 213 207 209 207 209 211
211 208 210 208 210 217 216 215 216 217 215 215 216 217 215 217 216 215 217 216 215 216 217 215 217 216 215 216 208 210 208 210 211
211 196 196 196 196 196 196 196 196 196 196 196 196 196 196 196 196 196 196 196 196 196 196 196 196 196 196 196 196 196 196 196 211
211 196 196 196 196 196 196 196 196 196 196 196 196 196 196 196 196 196 196 196 196 196 196 196 196 196 196 196 196 196 196 196 211
211 196 196 196 196 196 196 196 196 196 196 196 196 196 196 196 196 196 196 196 196 196 196 196 196 196 196 196 196 196 196 196 211
211 196 196 196 196 196 196 196 196 236 196 196 196 196 196 196 236 196 196 196 196 196 196 236 196 196 196 196 196 196 196 196 211
211 196 196 196 198 232 232 232 232 234 232 232 232 232 232 232 234 232 232 232 232 232 232 234 232 232 232 232 197 196 196 196 211
211 196 196 196 201 196 196 196 196 233 196 196 196 196 196 196 233 196 196 196 196 196 196 233 196 196 196 196 202 196 196 196 211
211 196 196 196 201 196 196 196 196 233 196 196 196 196 196 196 233 196 196 196 196 196 196 233 196 196 196 196 202 196 196 196 211
211 196 196 196 228 196 196 196 196 233 196 196 196 196 196 196 233 196 196 196 196 196 196 233 196 196 196 196 202 196 196 196 211
211 196 196 196 230 196 196 196 196 233 196 196 196 196 196 241 240 239 196 196 196 196 196 233 196 196 196 196 224 196 196 196 211
211 196 196 196 229 196 196 196 196 233 196 196 196 196 196 242 243 244 196 196 196 196 196 233 196 196 196 196 225 196 196 196 211
211 196 196 196 231 196 196 196 196 233 196 196 196 196 196 246 245 247 196 196 196 196 196 233 196 196 196 196 226 196 196 196 211
211 196 196 196 201 196 196 196 196 233 196 196 196 196 196 196 233 196 196 196 196 196 196 233 196 196 196 196 227 196 196 196 211
211 196 196 196 201 196 196 196 196 233 196 196 196 196 196 196 233 196 196 196 196 196 196 233 196 196 196 196 202 196 196 196 211
211 196 196 196 201 196 196 196 196 233 196 196 196 196 196 196 233 196 196 196 196 196 196 233 196 196 196 196 202 196 196 196 211
211 196 196 196 200 203 203 203 203 238 203 203 203 203 203 203 205 203 203 203 203 203 203 238 203 203 203 203 199 196 196 196 211
211 196 196 196 196 196 196 196 196 237 196 196 196 196 196 196 237 196 196 196 196 196 196 237 196 196 196 196 196 196 196 196 211
211 211 211 211 211 211 211 211 211 211 211 211 211 211 211 211 211 211 211 211 211 211 211 211 211 211 211 211 211 211 211 211 211